

cylinder
0 0.0 -100
0.0 1.0 0.0
0.0 0.0 0.0
0 0 255
5
0 1 0

cylinder
0 0.0 -100
0.0 1.0 0.0
0.0 0.0 0.0
0 0 255
5
1 0 0


//head
sphere
0 40 -100
0.0 0.0 0.1
0.0 0.0 0.2
255 0 0
15

// right hand

sphere
41 0 -100
0.0 0.0 0.1
0.0 0.0 0.2
100 70 19
10

//left hand

sphere
-41 0 -100
0.0 0.0 0.1
0.0 0.0 0.2
100 70 19
10

// left eye

sphere
-5 40 -112.7
0.0 0.0 0.1
0.0 0.0 0.2
0 0 0
2

//right eye

sphere
5 40 -112.7
0.0 0.0 0.1
0.0 0.0 0.2
0 0 0
2

//mouth

sphere
0 35 -112.7
0.0 0.0 0.1
0.0 0.0 0.2
60 0 200
3

cylinder
0 35 -100
0.0 1.0 0.0
0.0 0.0 0.0
0 0 255
3
0 0 1

cylinder
13 43 -100
0.0 1.0 0.0
0.0 0.0 0.0
255 238 11
2
0 0 1

cylinder
-13 43 -100
0.0 1.0 0.0
0.0 0.0 0.0
255 238 11
2
0 0 1

camera
0.0 0.0 -400
0.0 0.0 6

plane
50  0 200
0.0 1.0 0.4
0.0 0.0 0.5
0 255 0
1 0 0

plane
-50  0 200
0.0 1.0 0.4
0.0 0.0 0.5
0 255 100
1 0 0

plane
0  0 700
0.0 1.0 0.4
0.0 0.0 0.5
50 25 100
0 0 1

plane
0  -50 200
0.0 1.0 0.4
0.0 0.0 0.5
150 150 90
0 1 0

plane
0  50 200
0.0 1.0 0.4
0.0 0.0 0.5
150 150 90
0 1 0

light
-50 0.0 -200
255 255 255
2000


sphere
0 0 -100
0.0 0.0 0.1
0.0 0.0 0.2
0 0.0 0
10


